vscode ➜ /workspaces/numerical-calculation/src (main) $ ./simplex
2 2 
-20 -30 0
1 2 < 250
2 1 < 200
フェーズ２
 0:    0.00  -20.00  -30.00    0.00    0.00 
 1:  250.00    1.00    2.00    1.00    0.00 
 2:  200.00    2.00*   1.00    0.00    1.00 
ピボット位置 (2, 1)
 0: 2000.00    0.00  -20.00    0.00   10.00 
 1:  150.00    0.00    1.50*   1.00   -0.50 
 2:  100.00    1.00    0.50    0.00    0.50 
ピボット位置 (1, 2)
 0: 4000.00    0.00   -0.00   13.33    3.33 
 1:  100.00    0.00    1.00    0.67   -0.33 
 2:   50.00    1.00    0.00   -0.33    0.67 
最小値は -4000 です
0 でない変数の値:
x[1] = 50
x[2] = 100
vscode ➜ /workspaces/numerical-calculation/src (main) $ ./simplex
4 2     
5 -2 0
15 -1 -1  

入力エラー
vscode ➜ /workspaces/numerical-calculation/src (main) $ ./simplex
4 2
5 -2 0
15 -1 -1

入力エラー
vscode ➜ /workspaces/numerical-calculation/src (main) $ ./simplex
4 2 
5 -2 0
-1 -1 15 > 0

入力エラー
vscode ➜ /workspaces/numerical-calculation/src (main) $ ./simplex
4 2 
5 -2 0
-1 -1 15 > 0

入力エラー
vscode ➜ /workspaces/numerical-calculation/src (main) $ ./simplex
4 2 
5 -2 0
-1 -1 > -15
-1 0 > -10
0 -1 > -8
1 1 > 8
フェーズ１
 0:   -8.00   -1.00   -1.00    1.00    0.00    0.00    0.00    0.00 
 1:   15.00    1.00    1.00   -0.00    1.00    0.00    0.00    0.00 
 2:   10.00    1.00    0.00   -0.00    0.00    1.00    0.00    0.00 
 3:    8.00    0.00    1.00   -0.00    0.00    0.00    1.00    0.00 
 4:    8.00    1.00*   1.00   -1.00    0.00    0.00    0.00    1.00 
ピボット位置 (4, 1)
 0:    0.00    0.00    0.00   -0.00    0.00    0.00    0.00    1.00 
 1:    7.00    0.00    0.00    1.00    1.00    0.00    0.00   -1.00 
 2:    2.00    0.00   -1.00    1.00    0.00    1.00    0.00   -1.00 
 3:    8.00    0.00    1.00   -0.00    0.00    0.00    1.00    0.00 
 4:    8.00    1.00    1.00   -1.00    0.00    0.00    0.00    1.00 
最小値は -0 です
フェーズ２
 0:  -40.00    0.00   -7.00    5.00    0.00    0.00    0.00 
 1:    7.00    0.00    0.00    1.00    1.00    0.00    0.00 
 2:    2.00    0.00   -1.00    1.00    0.00    1.00    0.00 
 3:    8.00    0.00    1.00*  -0.00    0.00    0.00    1.00 
 4:    8.00    1.00    1.00   -1.00    0.00    0.00    0.00 
ピボット位置 (3, 2)
 0:   16.00    0.00    0.00    5.00    0.00    0.00    7.00 
 1:    7.00    0.00    0.00    1.00    1.00    0.00    0.00 
 2:   10.00    0.00    0.00    1.00    0.00    1.00    1.00 
 3:    8.00    0.00    1.00   -0.00    0.00    0.00    1.00 
 4:    0.00    1.00    0.00   -1.00    0.00    0.00   -1.00 
最小値は -16 です
0 でない変数の値:
x[1] = 0
x[2] = 8