vscode ➜ /workspaces/numerical-calculation/src (main) $ ./simplex
5 2
200 160 0
6 2 > 12
2 2 > 8
4 12 > 24
0 1 > 7
1 0 > 7
フェーズ１
 0:  -58.00  -13.00  -17.00    1.00    1.00    1.00    1.00    1.00    0.00    0.00    0.00    0.00    0.00 
 1:   12.00    6.00*   2.00   -1.00   -0.00   -0.00   -0.00   -0.00    1.00    0.00    0.00    0.00    0.00 
 2:    8.00    2.00    2.00   -0.00   -1.00   -0.00   -0.00   -0.00    0.00    1.00    0.00    0.00    0.00 
 3:   24.00    4.00   12.00   -0.00   -0.00   -1.00   -0.00   -0.00    0.00    0.00    1.00    0.00    0.00 
 4:    7.00    0.00    1.00   -0.00   -0.00   -0.00   -1.00   -0.00    0.00    0.00    0.00    1.00    0.00 
 5:    7.00    1.00    0.00   -0.00   -0.00   -0.00   -0.00   -1.00    0.00    0.00    0.00    0.00    1.00 
ピボット位置 (1, 1)
 0:  -32.00   -0.00  -12.67   -1.17    1.00    1.00    1.00    1.00    2.17    0.00    0.00    0.00    0.00 
 1:    2.00    1.00    0.33   -0.17   -0.00   -0.00   -0.00   -0.00    0.17    0.00    0.00    0.00    0.00 
 2:    4.00    0.00    1.33    0.33   -1.00   -0.00   -0.00   -0.00   -0.33    1.00    0.00    0.00    0.00 
 3:   16.00    0.00   10.67*   0.67   -0.00   -1.00   -0.00   -0.00   -0.67    0.00    1.00    0.00    0.00 
 4:    7.00    0.00    1.00   -0.00   -0.00   -0.00   -1.00   -0.00    0.00    0.00    0.00    1.00    0.00 
 5:    5.00    0.00   -0.33    0.17   -0.00   -0.00   -0.00   -1.00   -0.17    0.00    0.00    0.00    1.00 
ピボット位置 (3, 2)
 0:  -13.00   -0.00   -0.00   -0.37    1.00   -0.19    1.00    1.00    1.37    0.00    1.19    0.00    0.00 
 1:    1.50    1.00    0.00   -0.19   -0.00    0.03   -0.00   -0.00    0.19    0.00   -0.03    0.00    0.00 
 2:    2.00    0.00    0.00    0.25*  -1.00    0.12   -0.00   -0.00   -0.25    1.00   -0.12    0.00    0.00 
 3:    1.50    0.00    1.00    0.06   -0.00   -0.09   -0.00   -0.00   -0.06    0.00    0.09    0.00    0.00 
 4:    5.50    0.00    0.00   -0.06   -0.00    0.09   -1.00   -0.00    0.06    0.00   -0.09    1.00    0.00 
 5:    5.50    0.00    0.00    0.19   -0.00   -0.03   -0.00   -1.00   -0.19    0.00    0.03    0.00    1.00 
ピボット位置 (2, 3)
 0:  -10.00   -0.00   -0.00   -0.00   -0.50   -0.00    1.00    1.00    1.00    1.50    1.00    0.00    0.00 
 1:    3.00    1.00    0.00   -0.00   -0.75    0.13   -0.00   -0.00    0.00    0.75   -0.13    0.00    0.00 
 2:    8.00    0.00    0.00    1.00   -4.00    0.50   -0.00   -0.00   -1.00    4.00   -0.50    0.00    0.00 
 3:    1.00   -0.00    1.00   -0.00    0.25*  -0.12   -0.00   -0.00    0.00   -0.25    0.12    0.00    0.00 
 4:    6.00    0.00    0.00   -0.00   -0.25    0.12   -1.00   -0.00    0.00    0.25   -0.12    1.00    0.00 
 5:    4.00   -0.00    0.00   -0.00    0.75   -0.13   -0.00   -1.00    0.00   -0.75    0.13    0.00    1.00 
ピボット位置 (3, 4)
 0:   -8.00   -0.00    2.00   -0.00   -0.00   -0.25    1.00    1.00    1.00    1.00    1.25    0.00    0.00 
 1:    6.00    1.00    3.00   -0.00   -0.00   -0.25   -0.00   -0.00    0.00    0.00    0.25    0.00    0.00 
 2:   24.00    0.00   16.00    1.00   -0.00   -1.50   -0.00   -0.00   -1.00    0.00    1.50    0.00    0.00 
 3:    4.00   -0.00    4.00   -0.00    1.00   -0.50   -0.00   -0.00    0.00   -1.00    0.50    0.00    0.00 
 4:    7.00    0.00    1.00   -0.00   -0.00   -0.00   -1.00   -0.00    0.00    0.00    0.00    1.00    0.00 
 5:    1.00    0.00   -3.00   -0.00   -0.00    0.25*  -0.00   -1.00    0.00    0.00   -0.25    0.00    1.00 
ピボット位置 (5, 5)
 0:   -7.00   -0.00   -1.00   -0.00   -0.00   -0.00    1.00    0.00    1.00    1.00    1.00    0.00    1.00 
 1:    7.00    1.00    0.00   -0.00   -0.00   -0.00   -0.00   -1.00    0.00    0.00    0.00    0.00    1.00 
 2:   30.00    0.00   -2.00    1.00   -0.00   -0.00   -0.00   -6.00   -1.00    0.00    0.00    0.00    6.00 
 3:    6.00    0.00   -2.00   -0.00    1.00   -0.00   -0.00   -2.00    0.00   -1.00    0.00    0.00    2.00 
 4:    7.00    0.00    1.00*  -0.00   -0.00   -0.00   -1.00   -0.00    0.00    0.00    0.00    1.00    0.00 
 5:    4.00    0.00  -12.00   -0.00   -0.00    1.00   -0.00   -4.00    0.00    0.00   -1.00    0.00    4.00 
ピボット位置 (4, 2)
 0:   -0.00   -0.00    0.00   -0.00   -0.00   -0.00   -0.00    0.00    1.00    1.00    1.00    1.00    1.00 
 1:    7.00    1.00    0.00   -0.00   -0.00   -0.00   -0.00   -1.00    0.00    0.00    0.00    0.00    1.00 
 2:   44.00    0.00    0.00    1.00   -0.00   -0.00   -2.00   -6.00   -1.00    0.00    0.00    2.00    6.00 
 3:   20.00    0.00    0.00   -0.00    1.00   -0.00   -2.00   -2.00    0.00   -1.00    0.00    2.00    2.00 
 4:    7.00    0.00    1.00   -0.00   -0.00   -0.00   -1.00   -0.00    0.00    0.00    0.00    1.00    0.00 
 5:   88.00    0.00    0.00   -0.00   -0.00    1.00  -12.00   -4.00    0.00    0.00   -1.00   12.00    4.00 
最小値は 6.99441e-15 です
フェーズ２
 0: -2520.00    0.00    0.00   -0.00   -0.00   -0.00  160.00  200.00 
 1:    7.00    1.00    0.00   -0.00   -0.00   -0.00   -0.00   -1.00 
 2:   44.00    0.00    0.00    1.00   -0.00   -0.00   -2.00   -6.00 
 3:   20.00    0.00    0.00   -0.00    1.00   -0.00   -2.00   -2.00 
 4:    7.00    0.00    1.00   -0.00   -0.00   -0.00   -1.00   -0.00 
 5:   88.00    0.00    0.00   -0.00   -0.00    1.00  -12.00   -4.00 
最小値は 2520 です
0 でない変数の値:
x[1] = 7
x[2] = 7