vscode ➜ /workspaces/numerical-calculation/src (main) $ ./simplex
2 2
7 6 0
1 1 > 10
1 3 > 18
フェーズ１
 0:  -28.00   -2.00   -4.00    1.00    1.00    0.00    0.00 
 1:   10.00    1.00*   1.00   -1.00   -0.00    1.00    0.00 
 2:   18.00    1.00    3.00   -0.00   -1.00    0.00    1.00 
ピボット位置 (1, 1)
 0:   -8.00    0.00   -2.00   -1.00    1.00    2.00    0.00 
 1:   10.00    1.00    1.00   -1.00   -0.00    1.00    0.00 
 2:    8.00    0.00    2.00*   1.00   -1.00   -1.00    1.00 
ピボット位置 (2, 2)
 0:    0.00    0.00    0.00   -0.00   -0.00    1.00    1.00 
 1:    6.00    1.00    0.00   -1.50    0.50    1.50   -0.50 
 2:    4.00    0.00    1.00    0.50   -0.50   -0.50    0.50 
最小値は -0 です
フェーズ２
 0:  -66.00    0.00    0.00    7.50   -0.50 
 1:    6.00    1.00    0.00   -1.50    0.50*
 2:    4.00    0.00    1.00    0.50   -0.50 
ピボット位置 (1, 4)
 0:  -60.00    1.00    0.00    6.00   -0.00 
 1:   12.00    2.00    0.00   -3.00    1.00 
 2:   10.00    1.00    1.00   -1.00   -0.00 
最小値は 60 です
0 でない変数の値:
x[2] = 10