vscode ➜ /workspaces/numerical-calculation/src (main) $ ./simplex
3 2 
-2 -5 0
2 6 < 27
8 6 < 45
3 1 < 15
フェーズ２
 0:    0.00   -2.00   -5.00    0.00    0.00    0.00 
 1:   27.00    2.00    6.00    1.00    0.00    0.00 
 2:   45.00    8.00    6.00    0.00    1.00    0.00 
 3:   15.00    3.00*   1.00    0.00    0.00    1.00 
ピボット位置 (3, 1)
 0:   10.00    0.00   -4.33    0.00    0.00    0.67 
 1:   17.00    0.00    5.33    1.00    0.00   -0.67 
 2:    5.00    0.00    3.33*   0.00    1.00   -2.67 
 3:    5.00    1.00    0.33    0.00    0.00    0.33 
ピボット位置 (2, 2)
 0:   16.50    0.00   -0.00    0.00    1.30   -2.80 
 1:    9.00   -0.00   -0.00    1.00   -1.60    3.60*
 2:    1.50    0.00    1.00    0.00    0.30   -0.80 
 3:    4.50    1.00   -0.00    0.00   -0.10    0.60 
ピボット位置 (1, 5)
 0:   23.50   -0.00   -0.00    0.78    0.06    0.00 
 1:    2.50   -0.00    0.00    0.28   -0.44    1.00 
 2:    3.50   -0.00    1.00    0.22   -0.06    0.00 
 3:    3.00    1.00    0.00   -0.17    0.17    0.00 
最小値は -23.5 です
0 でない変数の値:
x[1] = 3
x[2] = 3.5